0168
0169
0171
0172
0174
0175
0176
0177
0178
0180
0182
0183
0184
0185
0186
0187
0188
0189
0190
0191
0193
0194
0195
0197
0198
0199
0200
0201
0202
0203
0204
0205
0206
0207
0208
0209
0210
0211
0213
0214
0215
0216
0217
0218
0219
0221
0222
0223
0227
0228
0229
0230
0231
0232
0233
0234
0235
0236
0237
0238
0239
0240
0241
0242
0243
0244
0246
0247
0248
0249
0250
0251
0252
0255
0258
0260
0265
0268
0269
0270
0271
0272
0273
0274
0275
0276
0277
0280
0282
0283
0285
0286
0287
0288
0289
0290
0292
0293
0295
0298
0299
0300
0301
0302
0303
0304
0305
0306
0307
0308
0309
0311
0312
0313
0316
0317
0319
0320
0321
0322
0323
0324
0327
0328
0329
0330
0332
0333
0334
0338
0339
0340