2141
2142
2144
2145
2146
2148
2149
2151
2155
2156
2160
2162
2163
2164
2165
2172
2173
2174
2175
2176
2180
2181
2185
2186
2190
2191
2195
2200
2202
2203
2204
2205
2208
2209
2210
2212
2213
2216
2217
2219
2221
2223
2224
2226
2227
2231
2232
2234
2236
2238
2239
2241
2242
2244
2246
2247
2248
2250
2251
2252
2253
2254
2255
2258
2259
2260
2261
2262
2263
2265
2267
2268
2269
2270
2271
2272
2274
2276
2277
2278
2280
2281
2283
2284
2285
2286
2288
2289
2291
2292
2296
2298
2303
2305
2306
2307
2308
2309
2310
2313
2318
2319
2321
2323
2325